1 -1
2 8
3 8
5 8
7 8
11 8
13 8
17 8
19 8
23 8
29 8
31 8
37 8
4 7
6 4
10 4
14 4
22 4
26 4
34 4
38 4
46 4
58 4
62 4
74 4
9 7
15 4
21 4
33 4
39 4
51 4
57 4
69 4
87 4
93 4
111 4
25 7
35 4
55 4
65 4
85 4
95 4
115 4
145 4
155 4
185 4
49 7
77 4
91 4
119 4
133 4
161 4
203 4
217 4
259 4
121 7
143 4
187 4
209 4
253 4
319 4
341 4
407 4
169 7
221 4
247 4
299 4
377 4
403 4
481 4
289 7
323 4
391 4
493 4
527 4
629 4
361 7
437 4
551 4
589 4
703 4
529 7
667 4
713 4
851 4
841 7
899 4
1073 4
961 7
1147 4
1369 7
8 7
12 3
20 3
28 3
44 3
52 3
68 3
76 3
92 3
116 3
124 3
148 3
18 3
30 3
42 3
66 3
78 3
102 3
114 3
138 3
174 3
186 3
222 3
50 3
70 3
110 3
130 3
170 3
190 3
230 3
290 3
310 3
370 3
98 3
154 3
182 3
238 3
266 3
322 3
406 3
434 3
518 3
242 3
286 3
374 3
418 3
506 3
638 3
682 3
814 3
338 3
442 3
494 3
598 3
754 3
806 3
962 3
578 3
646 3
782 3
986 3
1054 3
1258 3
722 3
874 3
1102 3
1178 3
1406 3
1058 3
1334 3
1426 3
1702 3
1682 3
1798 3
2146 3
1922 3
2294 3
2738 3
27 7
45 3
63 3
99 3
117 3
153 3
171 3
207 3
261 3
279 3
333 3
75 3
105 3
165 3
195 3
255 3
285 3
345 3
435 3
465 3
555 3
147 3
231 3
273 3
357 3
399 3
483 3
609 3
651 3
777 3
363 3
429 3
561 3
627 3
759 3
957 3
1023 3
1221 3
507 3
663 3
741 3
897 3
1131 3
1209 3
1443 3
867 3
969 3
1173 3
1479 3
1581 3
1887 3
1083 3
1311 3
1653 3
1767 3
2109 3
1587 3
2001 3
2139 3
2553 3
2523 3
2697 3
3219 3
2883 3
3441 3
4107 3
125 7
175 3
275 3
325 3
425 3
475 3
575 3
725 3
775 3
925 3
245 3
385 3
455 3
595 3
665 3
805 3
1015 3
1085 3
1295 3
605 3
715 3
935 3
1045 3
1265 3
1595 3
1705 3
2035 3
845 3
1105 3
1235 3
1495 3
1885 3
2015 3
2405 3
1445 3
1615 3
1955 3
2465 3
2635 3
3145 3
1805 3
2185 3
2755 3
2945 3
3515 3
2645 3
3335 3
3565 3
4255 3
4205 3
4495 3
5365 3
4805 3
5735 3
6845 3
343 7
539 3
637 3
833 3
931 3
1127 3
1421 3
1519 3
1813 3
847 3
1001 3
1309 3
1463 3
1771 3
2233 3
2387 3
2849 3
1183 3
1547 3
1729 3
2093 3
2639 3
2821 3
3367 3
2023 3
2261 3
2737 3
3451 3
3689 3
4403 3
2527 3
3059 3
3857 3
4123 3
4921 3
3703 3
4669 3
4991 3
5957 3
5887 3
6293 3
7511 3
6727 3
8029 3
9583 3
1331 7
1573 3
2057 3
2299 3
2783 3
3509 3
3751 3
4477 3
1859 3
2431 3
2717 3
3289 3
4147 3
4433 3
5291 3
3179 3
3553 3
4301 3
5423 3
5797 3
6919 3
3971 3
4807 3
6061 3
6479 3
7733 3
5819 3
7337 3
7843 3
9361 3
9251 3
9889 3
11803 3
10571 3
12617 3
15059 3
2197 7
2873 3
3211 3
3887 3
4901 3
5239 3
6253 3
3757 3
4199 3
5083 3
6409 3
6851 3
8177 3
4693 3
5681 3
7163 3
7657 3
9139 3
6877 3
8671 3
9269 3
11063 3
10933 3
11687 3
13949 3
12493 3
14911 3
17797 3
4913 7
5491 3
6647 3
8381 3
8959 3
10693 3
6137 3
7429 3
9367 3
10013 3
11951 3
8993 3
11339 3
12121 3
14467 3
14297 3
15283 3
18241 3
16337 3
19499 3
23273 3
6859 7
8303 3
10469 3
11191 3
13357 3
10051 3
12673 3
13547 3
16169 3
15979 3
17081 3
20387 3
18259 3
21793 3
26011 3
12167 7
15341 3
16399 3
19573 3
19343 3
20677 3
24679 3
22103 3
26381 3
31487 3
24389 7
26071 3
31117 3
27869 3
33263 3
39701 3
29791 7
35557 3
42439 3
50653 7
16 8
24 4
40 4
56 4
88 4
104 4
136 4
152 4
184 4
232 4
248 4
296 4
36 3
60 3
84 3
132 3
156 3
204 3
228 3
276 3
348 3
372 3
444 3
100 3
140 3
220 3
260 3
340 3
380 3
460 3
580 3
620 3
740 3
196 3
308 3
364 3
476 3
532 3
644 3
812 3
868 3
1036 3
484 3
572 3
748 3
836 3
1012 3
1276 3
1364 3
1628 3
676 3
884 3
988 3
1196 3
1508 3
1612 3
1924 3
1156 3
1292 3
1564 3
1972 3
2108 3
2516 3
1444 3
1748 3
2204 3
2356 3
2812 3
2116 3
2668 3
2852 3
3404 3
3364 3
3596 3
4292 3
3844 3
4588 3
5476 3
54 4
90 3
126 3
198 3
234 3
306 3
342 3
414 3
522 3
558 3
666 3
150 3
210 5
330 1
390 1
510 1
570 1
690 1
870 1
930 1
1110 1
294 3
462 1
546 1
714 1
798 1
966 1
1218 1
1302 1
1554 1
726 3
858 1
1122 1
1254 1
1518 1
1914 1
2046 1
2442 1
1014 3
1326 1
1482 1
1794 1
2262 1
2418 1
2886 1
1734 3
1938 1
2346 1
2958 1
3162 1
3774 1
2166 3
2622 1
3306 1
3534 1
4218 1
3174 3
4002 1
4278 1
5106 1
5046 3
5394 1
6438 1
5766 3
6882 1
8214 3
250 4
350 3
550 3
650 3
850 3
950 3
1150 3
1450 3
1550 3
1850 3
490 3
770 1
910 1
1190 1
1330 1
1610 1
2030 1
2170 1
2590 1
1210 3
1430 1
1870 1
2090 1
2530 1
3190 1
3410 1
4070 1
1690 3
2210 1
2470 1
2990 1
3770 1
4030 1
4810 1
2890 3
3230 1
3910 1
4930 1
5270 1
6290 1
3610 3
4370 1
5510 1
5890 1
7030 1
5290 3
6670 1
7130 1
8510 1
8410 3
8990 1
10730 1
9610 3
11470 1
13690 3
686 4
1078 3
1274 3
1666 3
1862 3
2254 3
2842 3
3038 3
3626 3
1694 3
2002 1
2618 1
2926 1
3542 1
4466 1
4774 1
5698 1
2366 3
3094 1
3458 1
4186 1
5278 1
5642 1
6734 1
4046 3
4522 1
5474 1
6902 1
7378 1
8806 1
5054 3
6118 1
7714 1
8246 1
9842 1
7406 3
9338 1
9982 1
11914 1
11774 3
12586 1
15022 1
13454 3
16058 1
19166 3
2662 4
3146 3
4114 3
4598 3
5566 3
7018 3
7502 3
8954 3
3718 3
4862 1
5434 1
6578 1
8294 1
8866 1
10582 1
6358 3
7106 1
8602 1
10846 1
11594 1
13838 1
7942 3
9614 1
12122 1
12958 1
15466 1
11638 3
14674 1
15686 1
18722 1
18502 3
19778 1
23606 1
21142 3
25234 1
30118 3
4394 4
5746 3
6422 3
7774 3
9802 3
10478 3
12506 3
7514 3
8398 1
10166 1
12818 1
13702 1
16354 1
9386 3
11362 1
14326 1
15314 1
18278 1
13754 3
17342 1
18538 1
22126 1
21866 3
23374 1
27898 1
24986 3
29822 1
35594 3
9826 4
10982 3
13294 3
16762 3
17918 3
21386 3
12274 3
14858 1
18734 1
20026 1
23902 1
17986 3
22678 1
24242 1
28934 1
28594 3
30566 1
36482 1
32674 3
38998 1
46546 3
13718 4
16606 3
20938 3
22382 3
26714 3
20102 3
25346 1
27094 1
32338 1
31958 3
34162 1
40774 1
36518 3
43586 1
52022 3
24334 4
30682 3
32798 3
39146 3
38686 3
41354 1
49358 1
44206 3
52762 1
62974 3
48778 4
52142 3
62234 3
55738 3
66526 1
79402 3
59582 4
71114 3
84878 3
101306 4
81 8
135 4
189 4
297 4
351 4
459 4
513 4
621 4
783 4
837 4
999 4
225 3
315 3
495 3
585 3
765 3
855 3
1035 3
1305 3
1395 3
1665 3
441 3
693 3
819 3
1071 3
1197 3
1449 3
1827 3
1953 3
2331 3
1089 3
1287 3
1683 3
1881 3
2277 3
2871 3
3069 3
3663 3
1521 3
1989 3
2223 3
2691 3
3393 3
3627 3
4329 3
2601 3
2907 3
3519 3
4437 3
4743 3
5661 3
3249 3
3933 3
4959 3
5301 3
6327 3
4761 3
6003 3
6417 3
7659 3
7569 3
8091 3
9657 3
8649 3
10323 3
12321 3
375 4
525 3
825 3
975 3
1275 3
1425 3
1725 3
2175 3
2325 3
2775 3
735 3
1155 1
1365 1
1785 1
1995 1
2415 1
3045 1
3255 1
3885 1
1815 3
2145 1
2805 1
3135 1
3795 1
4785 1
5115 1
6105 1
2535 3
3315 1
3705 1
4485 1
5655 1
6045 1
7215 1
4335 3
4845 1
5865 1
7395 1
7905 1
9435 1
5415 3
6555 1
8265 1
8835 1
10545 1
7935 3
10005 1
10695 1
12765 1
12615 3
13485 1
16095 1
14415 3
17205 1
20535 3
1029 4
1617 3
1911 3
2499 3
2793 3
3381 3
4263 3
4557 3
5439 3
2541 3
3003 1
3927 1
4389 1
5313 1
6699 1
7161 1
8547 1
3549 3
4641 1
5187 1
6279 1
7917 1
8463 1
10101 1
6069 3
6783 1
8211 1
10353 1
11067 1
13209 1
7581 3
9177 1
11571 1
12369 1
14763 1
11109 3
14007 1
14973 1
17871 1
17661 3
18879 1
22533 1
20181 3
24087 1
28749 3
3993 4
4719 3
6171 3
6897 3
8349 3
10527 3
11253 3
13431 3
5577 3
7293 1
8151 1
9867 1
12441 1
13299 1
15873 1
9537 3
10659 1
12903 1
16269 1
17391 1
20757 1
11913 3
14421 1
18183 1
19437 1
23199 1
17457 3
22011 1
23529 1
28083 1
27753 3
29667 1
35409 1
31713 3
37851 1
45177 3
6591 4
8619 3
9633 3
11661 3
14703 3
15717 3
18759 3
11271 3
12597 1
15249 1
19227 1
20553 1
24531 1
14079 3
17043 1
21489 1
22971 1
27417 1
20631 3
26013 1
27807 1
33189 1
32799 3
35061 1
41847 1
37479 3
44733 1
53391 3
14739 4
16473 3
19941 3
25143 3
26877 3
32079 3
18411 3
22287 1
28101 1
30039 1
35853 1
26979 3
34017 1
36363 1
43401 1
42891 3
45849 1
54723 1
49011 3
58497 1
69819 3
20577 4
24909 3
31407 3
33573 3
40071 3
30153 3
38019 1
40641 1
48507 1
47937 3
51243 1
61161 1
54777 3
65379 1
78033 3
36501 4
46023 3
49197 3
58719 3
58029 3
62031 1
74037 1
66309 3
79143 1
94461 3
73167 4
78213 3
93351 3
83607 3
99789 1
119103 3
89373 4
106671 3
127317 3
151959 4
625 8
875 4
1375 4
1625 4
2125 4
2375 4
2875 4
3625 4
3875 4
4625 4
1225 3
1925 3
2275 3
2975 3
3325 3
4025 3
5075 3
5425 3
6475 3
3025 3
3575 3
4675 3
5225 3
6325 3
7975 3
8525 3
10175 3
4225 3
5525 3
6175 3
7475 3
9425 3
10075 3
12025 3
7225 3
8075 3
9775 3
12325 3
13175 3
15725 3
9025 3
10925 3
13775 3
14725 3
17575 3
13225 3
16675 3
17825 3
21275 3
21025 3
22475 3
26825 3
24025 3
28675 3
34225 3
1715 4
2695 3
3185 3
4165 3
4655 3
5635 3
7105 3
7595 3
9065 3
4235 3
5005 1
6545 1
7315 1
8855 1
11165 1
11935 1
14245 1
5915 3
7735 1
8645 1
10465 1
13195 1
14105 1
16835 1
10115 3
11305 1
13685 1
17255 1
18445 1
22015 1
12635 3
15295 1
19285 1
20615 1
24605 1
18515 3
23345 1
24955 1
29785 1
29435 3
31465 1
37555 1
33635 3
40145 1
47915 3
6655 4
7865 3
10285 3
11495 3
13915 3
17545 3
18755 3
22385 3
9295 3
12155 1
13585 1
16445 1
20735 1
22165 1
26455 1
15895 3
17765 1
21505 1
27115 1
28985 1
34595 1
19855 3
24035 1
30305 1
32395 1
38665 1
29095 3
36685 1
39215 1
46805 1
46255 3
49445 1
59015 1
52855 3
63085 1
75295 3
10985 4
14365 3
16055 3
19435 3
24505 3
26195 3
31265 3
18785 3
20995 1
25415 1
32045 1
34255 1
40885 1
23465 3
28405 1
35815 1
38285 1
45695 1
34385 3
43355 1
46345 1
55315 1
54665 3
58435 1
69745 1
62465 3
74555 1
88985 3
24565 4
27455 3
33235 3
41905 3
44795 3
53465 3
30685 3
37145 1
46835 1
50065 1
59755 1
44965 3
56695 1
60605 1
72335 1
71485 3
76415 1
91205 1
81685 3
97495 1
116365 3
34295 4
41515 3
52345 3
55955 3
66785 3
50255 3
63365 1
67735 1
80845 1
79895 3
85405 1
101935 1
91295 3
108965 1
130055 3
60835 4
76705 3
81995 3
97865 3
96715 3
103385 1
123395 1
110515 3
131905 1
157435 3
121945 4
130355 3
155585 3
139345 3
166315 1
198505 3
148955 4
177785 3
212195 3
253265 4
2401 8
3773 4
4459 4
5831 4
6517 4
7889 4
9947 4
10633 4
12691 4
5929 3
7007 3
9163 3
10241 3
12397 3
15631 3
16709 3
19943 3
8281 3
10829 3
12103 3
14651 3
18473 3
19747 3
23569 3
14161 3
15827 3
19159 3
24157 3
25823 3
30821 3
17689 3
21413 3
26999 3
28861 3
34447 3
25921 3
32683 3
34937 3
41699 3
41209 3
44051 3
52577 3
47089 3
56203 3
67081 3
9317 4
11011 3
14399 3
16093 3
19481 3
24563 3
26257 3
31339 3
13013 3
17017 1
19019 1
23023 1
29029 1
31031 1
37037 1
22253 3
24871 1
30107 1
37961 1
40579 1
48433 1
27797 3
33649 1
42427 1
45353 1
54131 1
40733 3
51359 1
54901 1
65527 1
64757 3
69223 1
82621 1
73997 3
88319 1
105413 3
15379 4
20111 3
22477 3
27209 3
34307 3
36673 3
43771 3
26299 3
29393 1
35581 1
44863 1
47957 1
57239 1
32851 3
39767 1
50141 1
53599 1
63973 1
48139 3
60697 1
64883 1
77441 1
76531 3
81809 1
97643 1
87451 3
104377 1
124579 3
34391 4
38437 3
46529 3
58667 3
62713 3
74851 3
42959 3
52003 1
65569 1
70091 1
83657 1
62951 3
79373 1
84847 1
101269 1
100079 3
106981 1
127687 1
114359 3
136493 1
162911 3
48013 4
58121 3
73283 3
78337 3
93499 3
70357 3
88711 1
94829 1
113183 1
111853 3
119567 1
142709 1
127813 3
152551 1
182077 3
85169 4
107387 3
114793 3
137011 3
135401 3
144739 1
172753 1
154721 3
184667 1
220409 3
170723 4
182497 3
217819 3
195083 3
232841 1
277907 3
208537 4
248899 3
297073 3
354571 4
14641 8
17303 4
22627 4
25289 4
30613 4
38599 4
41261 4
49247 4
20449 3
26741 3
29887 3
36179 3
45617 3
48763 3
58201 3
34969 3
39083 3
47311 3
59653 3
63767 3
76109 3
43681 3
52877 3
66671 3
71269 3
85063 3
64009 3
80707 3
86273 3
102971 3
101761 3
108779 3
129833 3
116281 3
138787 3
165649 3
24167 4
31603 3
35321 3
42757 3
53911 3
57629 3
68783 3
41327 3
46189 1
55913 1
70499 1
75361 1
89947 1
51623 3
62491 1
78793 1
84227 1
100529 1
75647 3
95381 1
101959 1
121693 1
120263 3
128557 1
153439 1
137423 3
164021 1
195767 3
54043 4
60401 3
73117 3
92191 3
98549 3
117623 3
67507 3
81719 1
103037 1
110143 1
131461 1
98923 3
124729 1
133331 1
159137 1
157267 3
168113 1
200651 1
179707 3
214489 1
256003 3
75449 4
91333 3
115159 3
123101 3
146927 3
110561 3
139403 1
149017 1
177859 1
175769 3
187891 1
224257 1
200849 3
239723 1
286121 3
133837 4
168751 3
180389 3
215303 3
212773 3
227447 1
271469 1
243133 3
290191 1
346357 3
268279 4
286781 3
342287 3
306559 3
365893 1
436711 3
327701 4
391127 3
466829 3
557183 4
28561 8
37349 4
41743 4
50531 4
63713 4
68107 4
81289 4
48841 3
54587 3
66079 3
83317 3
89063 3
106301 3
61009 3
73853 3
93119 3
99541 3
118807 3
89401 3
112723 3
120497 3
143819 3
142129 3
151931 3
181337 3
162409 3
193843 3
231361 3
63869 4
71383 3
86411 3
108953 3
116467 3
139009 3
79781 3
96577 1
121771 1
130169 1
155363 1
116909 3
147407 1
157573 1
188071 1
185861 3
198679 1
237133 1
212381 3
253487 1
302549 3
89167 4
107939 3
136097 3
145483 3
173641 3
130663 3
164749 1
176111 1
210197 1
207727 3
222053 1
265031 1
237367 3
283309 1
338143 3
158171 4
199433 3
213187 3
254449 3
251459 3
268801 1
320827 1
287339 3
342953 1
409331 3
317057 4
338923 3
404521 3
362297 3
432419 1
516113 3
387283 4
462241 3
551707 3
658489 4
83521 8
93347 4
112999 4
142477 4
152303 4
181781 4
104329 3
126293 3
159239 3
170221 3
203167 3
152881 3
192763 3
206057 3
245939 3
243049 3
259811 3
310097 3
277729 3
331483 3
395641 3
116603 4
141151 3
177973 3
190247 3
227069 3
170867 3
215441 1
230299 1
274873 1
271643 3
290377 1
346579 1
310403 3
370481 1
442187 3
206839 4
260797 3
278783 3
332741 3
328831 3
351509 1
419543 1
375751 3
448477 1
535279 3
414613 4
443207 3
528989 3
473773 3
565471 1
674917 3
506447 4
604469 3
721463 3
861101 4
130321 8
157757 4
198911 4
212629 4
253783 4
190969 3
240787 3
257393 3
307211 3
303601 3
324539 3
387353 3
346921 3
414067 3
494209 3
231173 4
291479 3
311581 3
371887 3
367517 3
392863 1
468901 1
419957 3
501239 1
598253 3
463391 4
495349 3
591223 3
529511 3
631997 1
754319 3
566029 4
675583 3
806341 3
962407 4
279841 8
352843 4
377177 4
450179 4
444889 3
475571 3
567617 3
508369 3
606763 3
724201 3
560947 4
599633 3
715691 3
640987 3
765049 5
913123 3
685193 4
817811 3
976097 3
1165019 4
707281 8
756059 4
902393 4
808201 3
964627 3
1151329 3
863939 4
1031153 3
1230731 3
1468937 4
923521 8
1102267 4
1315609 3
1570243 4
1874161 8
32 -1
48 8
80 8
112 8
176 8
208 8
272 8
304 8
368 8
464 8
496 8
592 8
72 7
120 4
168 4
264 4
312 4
408 4
456 4
552 4
696 4
744 4
888 4
200 7
280 4
440 4
520 4
680 4
760 4
920 4
1160 4
1240 4
1480 4
392 7
616 4
728 4
952 4
1064 4
1288 4
1624 4
1736 4
2072 4
968 7
1144 4
1496 4
1672 4
2024 4
2552 4
2728 4
3256 4
1352 7
1768 4
1976 4
2392 4
3016 4
3224 4
3848 4
2312 7
2584 4
3128 4
3944 4
4216 4
5032 4
2888 7
3496 4
4408 4
4712 4
5624 4
4232 7
5336 4
5704 4
6808 4
6728 7
7192 4
8584 4
7688 7
9176 4
10952 7
108 7
180 3
252 3
396 3
468 3
612 3
684 3
828 3
1044 3
1116 3
1332 3
300 3
420 3
660 3
780 3
1020 3
1140 3
1380 3
1740 3
1860 3
2220 3
588 3
924 3
1092 3
1428 3
1596 3
1932 3
2436 3
2604 3
3108 3
1452 3
1716 3
2244 3
2508 3
3036 3
3828 3
4092 3
4884 3
2028 3
2652 3
2964 3
3588 3
4524 3
4836 3
5772 3
3468 3
3876 3
4692 3
5916 3
6324 3
7548 3
4332 3
5244 3
6612 3
7068 3
8436 3
6348 3
8004 3
8556 3
10212 3
10092 3
10788 3
12876 3
11532 3
13764 3
16428 3
500 7
700 3
1100 3
1300 3
1700 3
1900 3
2300 3
2900 3
3100 3
3700 3
980 3
1540 3
1820 3
2380 3
2660 3
3220 3
4060 3
4340 3
5180 3
2420 3
2860 3
3740 3
4180 3
5060 3
6380 3
6820 3
8140 3
3380 3
4420 3
4940 3
5980 3
7540 3
8060 3
9620 3
5780 3
6460 3
7820 3
9860 3
10540 3
12580 3
7220 3
8740 3
11020 3
11780 3
14060 3
10580 3
13340 3
14260 3
17020 3
16820 3
17980 3
21460 3
19220 3
22940 3
27380 3
1372 7
2156 3
2548 3
3332 3
3724 3
4508 3
5684 3
6076 3
7252 3
3388 3
4004 3
5236 3
5852 3
7084 3
8932 3
9548 3
11396 3
4732 3
6188 3
6916 3
8372 3
10556 3
11284 3
13468 3
8092 3
9044 3
10948 3
13804 3
14756 3
17612 3
10108 3
12236 3
15428 3
16492 3
19684 3
14812 3
18676 3
19964 3
23828 3
23548 3
25172 3
30044 3
26908 3
32116 3
38332 3
5324 7
6292 3
8228 3
9196 3
11132 3
14036 3
15004 3
17908 3
7436 3
9724 3
10868 3
13156 3
16588 3
17732 3
21164 3
12716 3
14212 3
17204 3
21692 3
23188 3
27676 3
15884 3
19228 3
24244 3
25916 3
30932 3
23276 3
29348 3
31372 3
37444 3
37004 3
39556 3
47212 3
42284 3
50468 3
60236 3
8788 7
11492 3
12844 3
15548 3
19604 3
20956 3
25012 3
15028 3
16796 3
20332 3
25636 3
27404 3
32708 3
18772 3
22724 3
28652 3
30628 3
36556 3
27508 3
34684 3
37076 3
44252 3
43732 3
46748 3
55796 3
49972 3
59644 3
71188 3
19652 7
21964 3
26588 3
33524 3
35836 3
42772 3
24548 3
29716 3
37468 3
40052 3
47804 3
35972 3
45356 3
48484 3
57868 3
57188 3
61132 3
72964 3
65348 3
77996 3
93092 3
27436 7
33212 3
41876 3
44764 3
53428 3
40204 3
50692 3
54188 3
64676 3
63916 3
68324 3
81548 3
73036 3
87172 3
104044 3
48668 7
61364 3
65596 3
78292 3
77372 3
82708 3
98716 3
88412 3
105524 3
125948 3
97556 7
104284 3
124468 3
111476 3
133052 3
158804 3
119164 7
142228 3
169756 3
202612 7
162 8
270 4
378 4
594 4
702 4
918 4
1026 4
1242 4
1566 4
1674 4
1998 4
450 3
630 3
990 3
1170 3
1530 3
1710 3
2070 3
2610 3
2790 3
3330 3
882 3
1386 3
1638 3
2142 3
2394 3
2898 3
3654 3
3906 3
4662 3
2178 3
2574 3
3366 3
3762 3
4554 3
5742 3
6138 3
7326 3
3042 3
3978 3
4446 3
5382 3
6786 3
7254 3
8658 3
5202 3
5814 3
7038 3
8874 3
9486 3
11322 3
6498 3
7866 3
9918 3
10602 3
12654 3
9522 3
12006 3
12834 3
15318 3
15138 3
16182 3
19314 3
17298 3
20646 3
24642 3
750 4
1050 3
1650 3
1950 3
2550 3
2850 3
3450 3
4350 3
4650 3
5550 3
1470 3
2310 5
2730 1
3570 1
3990 1
4830 1
6090 1
6510 1
7770 1
3630 3
4290 1
5610 1
6270 1
7590 1
9570 1
10230 1
12210 1
5070 3
6630 1
7410 1
8970 1
11310 1
12090 1
14430 1
8670 3
9690 1
11730 1
14790 1
15810 1
18870 1
10830 3
13110 1
16530 1
17670 1
21090 1
15870 3
20010 1
21390 1
25530 1
25230 3
26970 1
32190 1
28830 3
34410 1
41070 3
2058 4
3234 3
3822 3
4998 3
5586 3
6762 3
8526 3
9114 3
10878 3
5082 3
6006 1
7854 1
8778 1
10626 1
13398 1
14322 1
17094 1
7098 3
9282 1
10374 1
12558 1
15834 1
16926 1
20202 1
12138 3
13566 1
16422 1
20706 1
22134 1
26418 1
15162 3
18354 1
23142 1
24738 1
29526 1
22218 3
28014 1
29946 1
35742 1
35322 3
37758 1
45066 1
40362 3
48174 1
57498 3
7986 4
9438 3
12342 3
13794 3
16698 3
21054 3
22506 3
26862 3
11154 3
14586 1
16302 1
19734 1
24882 1
26598 1
31746 1
19074 3
21318 1
25806 1
32538 1
34782 1
41514 1
23826 3
28842 1
36366 1
38874 1
46398 1
34914 3
44022 1
47058 1
56166 1
55506 3
59334 1
70818 1
63426 3
75702 1
90354 3
13182 4
17238 3
19266 3
23322 3
29406 3
31434 3
37518 3
22542 3
25194 1
30498 1
38454 1
41106 1
49062 1
28158 3
34086 1
42978 1
45942 1
54834 1
41262 3
52026 1
55614 1
66378 1
65598 3
70122 1
83694 1
74958 3
89466 1
106782 3
29478 4
32946 3
39882 3
50286 3
53754 3
64158 3
36822 3
44574 1
56202 1
60078 1
71706 1
53958 3
68034 1
72726 1
86802 1
85782 3
91698 1
109446 1
98022 3
116994 1
139638 3
41154 4
49818 3
62814 3
67146 3
80142 3
60306 3
76038 1
81282 1
97014 1
95874 3
102486 1
122322 1
109554 3
130758 1
156066 3
73002 4
92046 3
98394 3
117438 3
116058 3
124062 1
148074 1
132618 3
158286 1
188922 3
146334 4
156426 3
186702 3
167214 3
199578 1
238206 3
178746 4
213342 3
254634 3
303918 4
1250 8
1750 4
2750 4
3250 4
4250 4
4750 4
5750 4
7250 4
7750 4
9250 4
2450 3
3850 3
4550 3
5950 3
6650 3
8050 3
10150 3
10850 3
12950 3
6050 3
7150 3
9350 3
10450 3
12650 3
15950 3
17050 3
20350 3
8450 3
11050 3
12350 3
14950 3
18850 3
20150 3
24050 3
14450 3
16150 3
19550 3
24650 3
26350 3
31450 3
18050 3
21850 3
27550 3
29450 3
35150 3
26450 3
33350 3
35650 3
42550 3
42050 3
44950 3
53650 3
48050 3
57350 3
68450 3
3430 4
5390 3
6370 3
8330 3
9310 3
11270 3
14210 3
15190 3
18130 3
8470 3
10010 1
13090 1
14630 1
17710 1
22330 1
23870 1
28490 1
11830 3
15470 1
17290 1
20930 1
26390 1
28210 1
33670 1
20230 3
22610 1
27370 1
34510 1
36890 1
44030 1
25270 3
30590 1
38570 1
41230 1
49210 1
37030 3
46690 1
49910 1
59570 1
58870 3
62930 1
75110 1
67270 3
80290 1
95830 3
13310 4
15730 3
20570 3
22990 3
27830 3
35090 3
37510 3
44770 3
18590 3
24310 1
27170 1
32890 1
41470 1
44330 1
52910 1
31790 3
35530 1
43010 1
54230 1
57970 1
69190 1
39710 3
48070 1
60610 1
64790 1
77330 1
58190 3
73370 1
78430 1
93610 1
92510 3
98890 1
118030 1
105710 3
126170 1
150590 3
21970 4
28730 3
32110 3
38870 3
49010 3
52390 3
62530 3
37570 3
41990 1
50830 1
64090 1
68510 1
81770 1
46930 3
56810 1
71630 1
76570 1
91390 1
68770 3
86710 1
92690 1
110630 1
109330 3
116870 1
139490 1
124930 3
149110 1
177970 3
49130 4
54910 3
66470 3
83810 3
89590 3
106930 3
61370 3
74290 1
93670 1
100130 1
119510 1
89930 3
113390 1
121210 1
144670 1
142970 3
152830 1
182410 1
163370 3
194990 1
232730 3
68590 4
83030 3
104690 3
111910 3
133570 3
100510 3
126730 1
135470 1
161690 1
159790 3
170810 1
203870 1
182590 3
217930 1
260110 3
121670 4
153410 3
163990 3
195730 3
193430 3
206770 1
246790 1
221030 3
263810 1
314870 3
243890 4
260710 3
311170 3
278690 3
332630 1
397010 3
297910 4
355570 3
424390 3
506530 4
4802 8
7546 4
8918 4
11662 4
13034 4
15778 4
19894 4
21266 4
25382 4
11858 3
14014 3
18326 3
20482 3
24794 3
31262 3
33418 3
39886 3
16562 3
21658 3
24206 3
29302 3
36946 3
39494 3
47138 3
28322 3
31654 3
38318 3
48314 3
51646 3
61642 3
35378 3
42826 3
53998 3
57722 3
68894 3
51842 3
65366 3
69874 3
83398 3
82418 3
88102 3
105154 3
94178 3
112406 3
134162 3
18634 4
22022 3
28798 3
32186 3
38962 3
49126 3
52514 3
62678 3
26026 3
34034 1
38038 1
46046 1
58058 1
62062 1
74074 1
44506 3
49742 1
60214 1
75922 1
81158 1
96866 1
55594 3
67298 1
84854 1
90706 1
108262 1
81466 3
102718 1
109802 1
131054 1
129514 3
138446 1
165242 1
147994 3
176638 1
210826 3
30758 4
40222 3
44954 3
54418 3
68614 3
73346 3
87542 3
52598 3
58786 1
71162 1
89726 1
95914 1
114478 1
65702 3
79534 1
100282 1
107198 1
127946 1
96278 3
121394 1
129766 1
154882 1
153062 3
163618 1
195286 1
174902 3
208754 1
249158 3
68782 4
76874 3
93058 3
117334 3
125426 3
149702 3
85918 3
104006 1
131138 1
140182 1
167314 1
125902 3
158746 1
169694 1
202538 1
200158 3
213962 1
255374 1
228718 3
272986 1
325822 3
96026 4
116242 3
146566 3
156674 3
186998 3
140714 3
177422 1
189658 1
226366 1
223706 3
239134 1
285418 1
255626 3
305102 1
364154 3
170338 4
214774 3
229586 3
274022 3
270802 3
289478 1
345506 1
309442 3
369334 1
440818 3
341446 4
364994 3
435638 3
390166 3
465682 1
555814 3
417074 4
497798 3
594146 3
709142 4
29282 8
34606 4
45254 4
50578 4
61226 4
77198 4
82522 4
98494 4
40898 3
53482 3
59774 3
72358 3
91234 3
97526 3
116402 3
69938 3
78166 3
94622 3
119306 3
127534 3
152218 3
87362 3
105754 3
133342 3
142538 3
170126 3
128018 3
161414 3
172546 3
205942 3
203522 3
217558 3
259666 3
232562 3
277574 3
331298 3
48334 4
63206 3
70642 3
85514 3
107822 3
115258 3
137566 3
82654 3
92378 1
111826 1
140998 1
150722 1
179894 1
103246 3
124982 1
157586 1
168454 1
201058 1
151294 3
190762 1
203918 1
243386 1
240526 3
257114 1
306878 1
274846 3
328042 1
391534 3
108086 4
120802 3
146234 3
184382 3
197098 3
235246 3
135014 3
163438 1
206074 1
220286 1
262922 1
197846 3
249458 1
266662 1
318274 1
314534 3
336226 1
401302 1
359414 3
428978 1
512006 3
150898 4
182666 3
230318 3
246202 3
293854 3
221122 3
278806 1
298034 1
355718 1
351538 3
375782 1
448514 1
401698 3
479446 1
572242 3
267674 4
337502 3
360778 3
430606 3
425546 3
454894 1
542938 1
486266 3
580382 1
692714 3
536558 4
573562 3
684574 3
613118 3
731786 1
873422 3
655402 4
782254 3
933658 3
1114366 4
57122 8
74698 4
83486 4
101062 4
127426 4
136214 4
162578 4
97682 3
109174 3
132158 3
166634 3
178126 3
212602 3
122018 3
147706 3
186238 3
199082 3
237614 3
178802 3
225446 3
240994 3
287638 3
284258 3
303862 3
362674 3
324818 3
387686 3
462722 3
127738 4
142766 3
172822 3
217906 3
232934 3
278018 3
159562 3
193154 1
243542 1
260338 1
310726 1
233818 3
294814 1
315146 1
376142 1
371722 3
397358 1
474266 1
424762 3
506974 1
605098 3
178334 4
215878 3
272194 3
290966 3
347282 3
261326 3
329498 1
352222 1
420394 1
415454 3
444106 1
530062 1
474734 3
566618 1
676286 3
316342 4
398866 3
426374 3
508898 3
502918 3
537602 1
641654 1
574678 3
685906 1
818662 3
634114 4
677846 3
809042 3
724594 3
864838 1
1032226 3
774566 4
924482 3
1103414 3
1316978 4
167042 8
186694 4
225998 4
284954 4
304606 4
363562 4
208658 3
252586 3
318478 3
340442 3
406334 3
305762 3
385526 3
412114 3
491878 3
486098 3
519622 3
620194 3
555458 3
662966 3
791282 3
233206 4
282302 3
355946 3
380494 3
454138 3
341734 3
430882 1
460598 1
549746 1
543286 3
580754 1
693158 1
620806 3
740962 1
884374 3
413678 4
521594 3
557566 3
665482 3
657662 3
703018 1
839086 1
751502 3
896954 1
1070558 3
829226 4
886414 3
1057978 3
947546 3
1130942 1
1349834 3
1012894 4
1208938 3
1442926 3
1722202 4
260642 8
315514 4
397822 4
425258 4
507566 4
381938 3
481574 3
514786 3
614422 3
607202 3
649078 3
774706 3
693842 3
828134 3
988418 3
462346 4
582958 3
623162 3
743774 3
735034 3
785726 1
937802 1
839914 3
1002478 1
1196506 3
926782 4
990698 3
1182446 3
1059022 3
1263994 1
1508638 3
1132058 4
1351166 3
1612682 3
1924814 4
559682 8
705686 4
754354 4
900358 4
889778 3
951142 3
1135234 3
1016738 3
1213526 3
1448402 3
1121894 4
1199266 3
1431382 3
1281974 3
1530098 1
1826246 3
1370386 4
1635622 3
1952194 3
2330038 4
1414562 8
1512118 4
1804786 4
1616402 3
1929254 3
2302658 3
1727878 4
2062306 3
2461462 3
2937874 4
1847042 8
2204534 4
2631218 3
3140486 4
3748322 8
243 -1
405 8
567 8
891 8
1053 8
1377 8
1539 8
1863 8
2349 8
2511 8
2997 8
675 7
945 4
1485 4
1755 4
2295 4
2565 4
3105 4
3915 4
4185 4
4995 4
1323 7
2079 4
2457 4
3213 4
3591 4
4347 4
5481 4
5859 4
6993 4
3267 7
3861 4
5049 4
5643 4
6831 4
8613 4
9207 4
10989 4
4563 7
5967 4
6669 4
8073 4
10179 4
10881 4
12987 4
7803 7
8721 4
10557 4
13311 4
14229 4
16983 4
9747 7
11799 4
14877 4
15903 4
18981 4
14283 7
18009 4
19251 4
22977 4
22707 7
24273 4
28971 4
25947 7
30969 4
36963 7
1125 7
1575 3
2475 3
2925 3
3825 3
4275 3
5175 3
6525 3
6975 3
8325 3
2205 3
3465 3
4095 3
5355 3
5985 3
7245 3
9135 3
9765 3
11655 3
5445 3
6435 3
8415 3
9405 3
11385 3
14355 3
15345 3
18315 3
7605 3
9945 3
11115 3
13455 3
16965 3
18135 3
21645 3
13005 3
14535 3
17595 3
22185 3
23715 3
28305 3
16245 3
19665 3
24795 3
26505 3
31635 3
23805 3
30015 3
32085 3
38295 3
37845 3
40455 3
48285 3
43245 3
51615 3
61605 3
3087 7
4851 3
5733 3
7497 3
8379 3
10143 3
12789 3
13671 3
16317 3
7623 3
9009 3
11781 3
13167 3
15939 3
20097 3
21483 3
25641 3
10647 3
13923 3
15561 3
18837 3
23751 3
25389 3
30303 3
18207 3
20349 3
24633 3
31059 3
33201 3
39627 3
22743 3
27531 3
34713 3
37107 3
44289 3
33327 3
42021 3
44919 3
53613 3
52983 3
56637 3
67599 3
60543 3
72261 3
86247 3
11979 7
14157 3
18513 3
20691 3
25047 3
31581 3
33759 3
40293 3
16731 3
21879 3
24453 3
29601 3
37323 3
39897 3
47619 3
28611 3
31977 3
38709 3
48807 3
52173 3
62271 3
35739 3
43263 3
54549 3
58311 3
69597 3
52371 3
66033 3
70587 3
84249 3
83259 3
89001 3
106227 3
95139 3
113553 3
135531 3
19773 7
25857 3
28899 3
34983 3
44109 3
47151 3
56277 3
33813 3
37791 3
45747 3
57681 3
61659 3
73593 3
42237 3
51129 3
64467 3
68913 3
82251 3
61893 3
78039 3
83421 3
99567 3
98397 3
105183 3
125541 3
112437 3
134199 3
160173 3
44217 7
49419 3
59823 3
75429 3
80631 3
96237 3
55233 3
66861 3
84303 3
90117 3
107559 3
80937 3
102051 3
109089 3
130203 3
128673 3
137547 3
164169 3
147033 3
175491 3
209457 3
61731 7
74727 3
94221 3
100719 3
120213 3
90459 3
114057 3
121923 3
145521 3
143811 3
153729 3
183483 3
164331 3
196137 3
234099 3
109503 7
138069 3
147591 3
176157 3
174087 3
186093 3
222111 3
198927 3
237429 3
283383 3
219501 7
234639 3
280053 3
250821 3
299367 3
357309 3
268119 7
320013 3
381951 3
455877 7
1875 8
2625 4
4125 4
4875 4
6375 4
7125 4
8625 4
10875 4
11625 4
13875 4
3675 3
5775 3
6825 3
8925 3
9975 3
12075 3
15225 3
16275 3
19425 3
9075 3
10725 3
14025 3
15675 3
18975 3
23925 3
25575 3
30525 3
12675 3
16575 3
18525 3
22425 3
28275 3
30225 3
36075 3
21675 3
24225 3
29325 3
36975 3
39525 3
47175 3
27075 3
32775 3
41325 3
44175 3
52725 3
39675 3
50025 3
53475 3
63825 3
63075 3
67425 3
80475 3
72075 3
86025 3
102675 3
5145 4
8085 3
9555 3
12495 3
13965 3
16905 3
21315 3
22785 3
27195 3
12705 3
15015 5
19635 1
21945 1
26565 1
33495 1
35805 1
42735 1
17745 3
23205 1
25935 1
31395 1
39585 1
42315 1
50505 1
30345 3
33915 1
41055 1
51765 1
55335 1
66045 1
37905 3
45885 1
57855 1
61845 1
73815 1
55545 3
70035 1
74865 1
89355 1
88305 3
94395 1
112665 1
100905 3
120435 1
143745 3
19965 4
23595 3
30855 3
34485 3
41745 3
52635 3
56265 3
67155 3
27885 3
36465 1
40755 1
49335 1
62205 1
66495 1
79365 1
47685 3
53295 1
64515 1
81345 1
86955 1
103785 1
59565 3
72105 1
90915 1
97185 1
115995 1
87285 3
110055 1
117645 1
140415 1
138765 3
148335 1
177045 1
158565 3
189255 1
225885 3
32955 4
43095 3
48165 3
58305 3
73515 3
78585 3
93795 3
56355 3
62985 1
76245 1
96135 1
102765 1
122655 1
70395 3
85215 1
107445 1
114855 1
137085 1
103155 3
130065 1
139035 1
165945 1
163995 3
175305 1
209235 1
187395 3
223665 1
266955 3
73695 4
82365 3
99705 3
125715 3
134385 3
160395 3
92055 3
111435 1
140505 1
150195 1
179265 1
134895 3
170085 1
181815 1
217005 1
214455 3
229245 1
273615 1
245055 3
292485 1
349095 3
102885 4
124545 3
157035 3
167865 3
200355 3
150765 3
190095 1
203205 1
242535 1
239685 3
256215 1
305805 1
273885 3
326895 1
390165 3
182505 4
230115 3
245985 3
293595 3
290145 3
310155 1
370185 1
331545 3
395715 1
472305 3
365835 4
391065 3
466755 3
418035 3
498945 1
595515 3
446865 4
533355 3
636585 3
759795 4
7203 8
11319 4
13377 4
17493 4
19551 4
23667 4
29841 4
31899 4
38073 4
17787 3
21021 3
27489 3
30723 3
37191 3
46893 3
50127 3
59829 3
24843 3
32487 3
36309 3
43953 3
55419 3
59241 3
70707 3
42483 3
47481 3
57477 3
72471 3
77469 3
92463 3
53067 3
64239 3
80997 3
86583 3
103341 3
77763 3
98049 3
104811 3
125097 3
123627 3
132153 3
157731 3
141267 3
168609 3
201243 3
27951 4
33033 3
43197 3
48279 3
58443 3
73689 3
78771 3
94017 3
39039 3
51051 1
57057 1
69069 1
87087 1
93093 1
111111 1
66759 3
74613 1
90321 1
113883 1
121737 1
145299 1
83391 3
100947 1
127281 1
136059 1
162393 1
122199 3
154077 1
164703 1
196581 1
194271 3
207669 1
247863 1
221991 3
264957 1
316239 3
46137 4
60333 3
67431 3
81627 3
102921 3
110019 3
131313 3
78897 3
88179 1
106743 1
134589 1
143871 1
171717 1
98553 3
119301 1
150423 1
160797 1
191919 1
144417 3
182091 1
194649 1
232323 1
229593 3
245427 1
292929 1
262353 3
313131 1
373737 3
103173 4
115311 3
139587 3
176001 3
188139 3
224553 3
128877 3
156009 1
196707 1
210273 1
250971 1
188853 3
238119 1
254541 1
303807 1
300237 3
320943 1
383061 1
343077 3
409479 1
488733 3
144039 4
174363 3
219849 3
235011 3
280497 3
211071 3
266133 1
284487 1
339549 1
335559 3
358701 1
428127 1
383439 3
457653 1
546231 3
255507 4
322161 3
344379 3
411033 3
406203 3
434217 1
518259 1
464163 3
554001 1
661227 3
512169 4
547491 3
653457 3
585249 3
698523 1
833721 3
625611 4
746697 3
891219 3
1063713 4
43923 8
51909 4
67881 4
75867 4
91839 4
115797 4
123783 4
147741 4
61347 3
80223 3
89661 3
108537 3
136851 3
146289 3
174603 3
104907 3
117249 3
141933 3
178959 3
191301 3
228327 3
131043 3
158631 3
200013 3
213807 3
255189 3
192027 3
242121 3
258819 3
308913 3
305283 3
326337 3
389499 3
348843 3
416361 3
496947 3
72501 4
94809 3
105963 3
128271 3
161733 3
172887 3
206349 3
123981 3
138567 1
167739 1
211497 1
226083 1
269841 1
154869 3
187473 1
236379 1
252681 1
301587 1
226941 3
286143 1
305877 1
365079 1
360789 3
385671 1
460317 1
412269 3
492063 1
587301 3
162129 4
181203 3
219351 3
276573 3
295647 3
352869 3
202521 3
245157 1
309111 1
330429 1
394383 1
296769 3
374187 1
399993 1
477411 1
471801 3
504339 1
601953 1
539121 3
643467 1
768009 3
226347 4
273999 3
345477 3
369303 3
440781 3
331683 3
418209 1
447051 1
533577 1
527307 3
563673 1
672771 1
602547 3
719169 1
858363 3
401511 4
506253 3
541167 3
645909 3
638319 3
682341 1
814407 1
729399 3
870573 1
1039071 3
804837 4
860343 3
1026861 3
919677 3
1097679 1
1310133 3
983103 4
1173381 3
1400487 3
1671549 4
85683 8
112047 4
125229 4
151593 4
191139 4
204321 4
243867 4
146523 3
163761 3
198237 3
249951 3
267189 3
318903 3
183027 3
221559 3
279357 3
298623 3
356421 3
268203 3
338169 3
361491 3
431457 3
426387 3
455793 3
544011 3
487227 3
581529 3
694083 3
191607 4
214149 3
259233 3
326859 3
349401 3
417027 3
239343 3
289731 1
365313 1
390507 1
466089 1
350727 3
442221 1
472719 1
564213 1
557583 3
596037 1
711399 1
637143 3
760461 1
907647 3
267501 4
323817 3
408291 3
436449 3
520923 3
391989 3
494247 1
528333 1
630591 1
623181 3
666159 1
795093 1
712101 3
849927 1
1014429 3
474513 4
598299 3
639561 3
763347 3
754377 3
806403 1
962481 1
862017 3
1028859 1
1227993 3
951171 4
1016769 3
1213563 3
1086891 3
1297257 1
1548339 3
1161849 4
1386723 3
1655121 3
1975467 4
250563 8
280041 4
338997 4
427431 4
456909 4
545343 4
312987 3
378879 3
477717 3
510663 3
609501 3
458643 3
578289 3
618171 3
737817 3
729147 3
779433 3
930291 3
833187 3
994449 3
1186923 3
349809 4
423453 3
533919 3
570741 3
681207 3
512601 3
646323 1
690897 1
824619 1
814929 3
871131 1
1039737 1
931209 3
1111443 1
1326561 3
620517 4
782391 3
836349 3
998223 3
986493 3
1054527 1
1258629 1
1127253 3
1345431 1
1605837 3
1243839 4
1329621 3
1586967 3
1421319 3
1696413 1
2024751 3
1519341 4
1813407 3
2164389 3
2583303 4
390963 8
473271 4
596733 4
637887 4
761349 4
572907 3
722361 3
772179 3
921633 3
910803 3
973617 3
1162059 3
1040763 3
1242201 3
1482627 3
693519 4
874437 3
934743 3
1115661 3
1102551 3
1178589 1
1406703 1
1259871 3
1503717 1
1794759 3
1390173 4
1486047 3
1773669 3
1588533 3
1895991 1
2262957 3
1698087 4
2026749 3
2419023 3
2887221 4
839523 8
1058529 4
1131531 4
1350537 4
1334667 3
1426713 3
1702851 3
1525107 3
1820289 3
2172603 3
1682841 4
1798899 3
2147073 3
1922961 3
2295147 1
2739369 3
2055579 4
2453433 3
2928291 3
3495057 4
2121843 8
2268177 4
2707179 4
2424603 3
2893881 3
3453987 3
2591817 4
3093459 3
3692193 3
4406811 4
2770563 8
3306801 4
3946827 3
4710729 4
5622483 8
3125 -1
4375 8
6875 8
8125 8
10625 8
11875 8
14375 8
18125 8
19375 8
23125 8
6125 7
9625 4
11375 4
14875 4
16625 4
20125 4
25375 4
27125 4
32375 4
15125 7
17875 4
23375 4
26125 4
31625 4
39875 4
42625 4
50875 4
21125 7
27625 4
30875 4
37375 4
47125 4
50375 4
60125 4
36125 7
40375 4
48875 4
61625 4
65875 4
78625 4
45125 7
54625 4
68875 4
73625 4
87875 4
66125 7
83375 4
89125 4
106375 4
105125 7
112375 4
134125 4
120125 7
143375 4
171125 7
8575 7
13475 3
15925 3
20825 3
23275 3
28175 3
35525 3
37975 3
45325 3
21175 3
25025 3
32725 3
36575 3
44275 3
55825 3
59675 3
71225 3
29575 3
38675 3
43225 3
52325 3
65975 3
70525 3
84175 3
50575 3
56525 3
68425 3
86275 3
92225 3
110075 3
63175 3
76475 3
96425 3
103075 3
123025 3
92575 3
116725 3
124775 3
148925 3
147175 3
157325 3
187775 3
168175 3
200725 3
239575 3
33275 7
39325 3
51425 3
57475 3
69575 3
87725 3
93775 3
111925 3
46475 3
60775 3
67925 3
82225 3
103675 3
110825 3
132275 3
79475 3
88825 3
107525 3
135575 3
144925 3
172975 3
99275 3
120175 3
151525 3
161975 3
193325 3
145475 3
183425 3
196075 3
234025 3
231275 3
247225 3
295075 3
264275 3
315425 3
376475 3
54925 7
71825 3
80275 3
97175 3
122525 3
130975 3
156325 3
93925 3
104975 3
127075 3
160225 3
171275 3
204425 3
117325 3
142025 3
179075 3
191425 3
228475 3
171925 3
216775 3
231725 3
276575 3
273325 3
292175 3
348725 3
312325 3
372775 3
444925 3
122825 7
137275 3
166175 3
209525 3
223975 3
267325 3
153425 3
185725 3
234175 3
250325 3
298775 3
224825 3
283475 3
303025 3
361675 3
357425 3
382075 3
456025 3
408425 3
487475 3
581825 3
171475 7
207575 3
261725 3
279775 3
333925 3
251275 3
316825 3
338675 3
404225 3
399475 3
427025 3
509675 3
456475 3
544825 3
650275 3
304175 7
383525 3
409975 3
489325 3
483575 3
516925 3
616975 3
552575 3
659525 3
787175 3
609725 7
651775 3
777925 3
696725 3
831575 3
992525 3
744775 7
888925 3
1060975 3
1266325 7
12005 8
18865 4
22295 4
29155 4
32585 4
39445 4
49735 4
53165 4
63455 4
29645 3
35035 3
45815 3
51205 3
61985 3
78155 3
83545 3
99715 3
41405 3
54145 3
60515 3
73255 3
92365 3
98735 3
117845 3
70805 3
79135 3
95795 3
120785 3
129115 3
154105 3
88445 3
107065 3
134995 3
144305 3
172235 3
129605 3
163415 3
174685 3
208495 3
206045 3
220255 3
262885 3
235445 3
281015 3
335405 3
46585 4
55055 3
71995 3
80465 3
97405 3
122815 3
131285 3
156695 3
65065 3
85085 5
95095 1
115115 1
145145 1
155155 1
185185 1
111265 3
124355 1
150535 1
189805 1
202895 1
242165 1
138985 3
168245 1
212135 1
226765 1
270655 1
203665 3
256795 1
274505 1
327635 1
323785 3
346115 1
413105 1
369985 3
441595 1
527065 3
76895 4
100555 3
112385 3
136045 3
171535 3
183365 3
218855 3
131495 3
146965 1
177905 1
224315 1
239785 1
286195 1
164255 3
198835 1
250705 1
267995 1
319865 1
240695 3
303485 1
324415 1
387205 1
382655 3
409045 1
488215 1
437255 3
521885 1
622895 3
171955 4
192185 3
232645 3
293335 3
313565 3
374255 3
214795 3
260015 1
327845 1
350455 1
418285 1
314755 3
396865 1
424235 1
506345 1
500395 3
534905 1
638435 1
571795 3
682465 1
814555 3
240065 4
290605 3
366415 3
391685 3
467495 3
351785 3
443555 1
474145 1
565915 1
559265 3
597835 1
713545 1
639065 3
762755 1
910385 3
425845 4
536935 3
573965 3
685055 3
677005 3
723695 1
863765 1
773605 3
923335 1
1102045 3
853615 4
912485 3
1089095 3
975415 3
1164205 1
1389535 3
1042685 4
1244495 3
1485365 3
1772855 4
73205 8
86515 4
113135 4
126445 4
153065 4
192995 4
206305 4
246235 4
102245 3
133705 3
149435 3
180895 3
228085 3
243815 3
291005 3
174845 3
195415 3
236555 3
298265 3
318835 3
380545 3
218405 3
264385 3
333355 3
356345 3
425315 3
320045 3
403535 3
431365 3
514855 3
508805 3
543895 3
649165 3
581405 3
693935 3
828245 3
120835 4
158015 3
176605 3
213785 3
269555 3
288145 3
343915 3
206635 3
230945 1
279565 1
352495 1
376805 1
449735 1
258115 3
312455 1
393965 1
421135 1
502645 1
378235 3
476905 1
509795 1
608465 1
601315 3
642785 1
767195 1
687115 3
820105 1
978835 3
270215 4
302005 3
365585 3
460955 3
492745 3
588115 3
337535 3
408595 1
515185 1
550715 1
657305 1
494615 3
623645 1
666655 1
795685 1
786335 3
840565 1
1003255 1
898535 3
1072445 1
1280015 3
377245 4
456665 3
575795 3
615505 3
734635 3
552805 3
697015 1
745085 1
889295 1
878845 3
939455 1
1121285 1
1004245 3
1198615 1
1430605 3
669185 4
843755 3
901945 3
1076515 3
1063865 3
1137235 1
1357345 1
1215665 3
1450955 1
1731785 3
1341395 4
1433905 3
1711435 3
1532795 3
1829465 1
2183555 3
1638505 4
1955635 3
2334145 3
2785915 4
142805 8
186745 4
208715 4
252655 4
318565 4
340535 4
406445 4
244205 3
272935 3
330395 3
416585 3
445315 3
531505 3
305045 3
369265 3
465595 3
497705 3
594035 3
447005 3
563615 3
602485 3
719095 3
710645 3
759655 3
906685 3
812045 3
969215 3
1156805 3
319345 4
356915 3
432055 3
544765 3
582335 3
695045 3
398905 3
482885 1
608855 1
650845 1
776815 1
584545 3
737035 1
787865 1
940355 1
929305 3
993395 1
1185665 1
1061905 3
1267435 1
1512745 3
445835 4
539695 3
680485 3
727415 3
868205 3
653315 3
823745 1
880555 1
1050985 1
1038635 3
1110265 1
1325155 1
1186835 3
1416545 1
1690715 3
790855 4
997165 3
1065935 3
1272245 3
1257295 3
1344005 1
1604135 1
1436695 3
1714765 1
2046655 3
1585285 4
1694615 3
2022605 3
1811485 3
2162095 1
2580565 3
1936415 4
2311205 3
2758535 3
3292445 4
417605 8
466735 4
564995 4
712385 4
761515 4
908905 4
521645 3
631465 3
796195 3
851105 3
1015835 3
764405 3
963815 3
1030285 3
1229695 3
1215245 3
1299055 3
1550485 3
1388645 3
1657415 3
1978205 3
583015 4
705755 3
889865 3
951235 3
1135345 3
854335 3
1077205 1
1151495 1
1374365 1
1358215 3
1451885 1
1732895 1
1552015 3
1852405 1
2210935 3
1034195 4
1303985 3
1393915 3
1663705 3
1644155 3
1757545 1
2097715 1
1878755 3
2242385 1
2676395 3
2073065 4
2216035 3
2644945 3
2368865 3
2827355 1
3374585 3
2532235 4
3022345 3
3607315 3
4305505 4
651605 8
788785 4
994555 4
1063145 4
1268915 4
954845 3
1203935 3
1286965 3
1536055 3
1518005 3
1622695 3
1936765 3
1734605 3
2070335 3
2471045 3
1155865 4
1457395 3
1557905 3
1859435 3
1837585 3
1964315 1
2344505 1
2099785 3
2506195 1
2991265 3
2316955 4
2476745 3
2956115 3
2647555 3
3159985 1
3771595 3
2830145 4
3377915 3
4031705 3
4812035 4
1399205 8
1764215 4
1885885 4
2250895 4
2224445 3
2377855 3
2838085 3
2541845 3
3033815 3
3621005 3
2804735 4
2998165 3
3578455 3
3204935 3
3825245 1
4565615 3
3425965 4
4089055 3
4880485 3
5825095 4
3536405 8
3780295 4
4511965 4
4041005 3
4823135 3
5756645 3
4319695 4
5155765 3
6153655 3
7344685 4
4617605 8
5511335 4
6578045 3
7851215 4
9370805 8
16807 -1
26411 8
31213 8
40817 8
45619 8
55223 8
69629 8
74431 8
88837 8
41503 7
49049 4
64141 4
71687 4
86779 4
109417 4
116963 4
139601 4
57967 7
75803 4
84721 4
102557 4
129311 4
138229 4
164983 4
99127 7
110789 4
134113 4
169099 4
180761 4
215747 4
123823 7
149891 4
188993 4
202027 4
241129 4
181447 7
228781 4
244559 4
291893 4
288463 7
308357 4
368039 4
329623 7
393421 4
469567 7
65219 7
77077 3
100793 3
112651 3
136367 3
171941 3
183799 3
219373 3
91091 3
119119 3
133133 3
161161 3
203203 3
217217 3
259259 3
155771 3
174097 3
210749 3
265727 3
284053 3
339031 3
194579 3
235543 3
296989 3
317471 3
378917 3
285131 3
359513 3
384307 3
458689 3
453299 3
484561 3
578347 3
517979 3
618233 3
737891 3
107653 7
140777 3
157339 3
190463 3
240149 3
256711 3
306397 3
184093 3
205751 3
249067 3
314041 3
335699 3
400673 3
229957 3
278369 3
350987 3
375193 3
447811 3
336973 3
424879 3
454181 3
542087 3
535717 3
572663 3
683501 3
612157 3
730639 3
872053 3
240737 7
269059 3
325703 3
410669 3
438991 3
523957 3
300713 3
364021 3
458983 3
490637 3
585599 3
440657 3
555611 3
593929 3
708883 3
700553 3
748867 3
893809 3
800513 3
955451 3
1140377 3
336091 7
406847 3
512981 3
548359 3
654493 3
492499 3
620977 3
663803 3
792281 3
782971 3
836969 3
998963 3
894691 3
1067857 3
1274539 3
596183 7
751709 3
803551 3
959077 3
947807 3
1013173 3
1209271 3
1083047 3
1292669 3
1542863 3
1195061 7
1277479 3
1524733 3
1365581 3
1629887 3
1945349 3
1459759 7
1742293 3
2079511 3
2481997 7
102487 8
121121 4
158389 4
177023 4
214291 4
270193 4
288827 4
344729 4
143143 3
187187 3
209209 3
253253 3
319319 3
341341 3
407407 3
244783 3
273581 3
331177 3
417571 3
446369 3
532763 3
305767 3
370139 3
466697 3
498883 3
595441 3
448063 3
564949 3
603911 3
720797 3
712327 3
761453 3
908831 3
813967 3
971509 3
1159543 3
169169 4
221221 3
247247 3
299299 3
377377 3
403403 3
481481 3
289289 3
323323 5
391391 1
493493 1
527527 1
629629 1
361361 3
437437 1
551551 1
589589 1
703703 1
529529 3
667667 1
713713 1
851851 1
841841 3
899899 1
1074073 1
961961 3
1148147 1
1370369 3
378301 4
422807 3
511819 3
645337 3
689843 3
823361 3
472549 3
572033 1
721259 1
771001 1
920227 1
692461 3
873103 1
933317 1
1113959 1
1100869 3
1176791 1
1404557 1
1257949 3
1501423 1
1792021 3
528143 4
639331 3
806113 3
861707 3
1028489 3
773927 3
975821 1
1043119 1
1245013 1
1230383 3
1315237 1
1569799 1
1405943 3
1678061 1
2002847 3
936859 4
1181257 3
1262723 3
1507121 3
1489411 3
1592129 1
1900283 1
1701931 3
2031337 1
2424499 3
1877953 4
2007467 3
2396009 3
2145913 3
2561251 1
3056977 3
2293907 4
2737889 3
3267803 3
3900281 4
199927 8
261443 4
292201 4
353717 4
445991 4
476749 4
569023 4
341887 3
382109 3
462553 3
583219 3
623441 3
744107 3
427063 3
516971 3
651833 3
696787 3
831649 3
625807 3
789061 3
843479 3
1006733 3
994903 3
1063517 3
1269359 3
1136863 3
1356901 3
1619527 3
447083 4
499681 3
604877 3
762671 3
815269 3
973063 3
558467 3
676039 1
852397 1
911183 1
1087541 1
818363 3
1031849 1
1103011 1
1316497 1
1301027 3
1390753 1
1659931 1
1486667 3
1774409 1
2117843 3
624169 4
755573 3
952679 3
1018381 3
1215487 3
914641 3
1153243 1
1232777 1
1471379 1
1454089 3
1554371 1
1855217 1
1661569 3
1983163 1
2367001 3
1107197 4
1396031 3
1492309 3
1781143 3
1760213 3
1881607 1
2245789 1
2011373 3
2400671 1
2865317 3
2219399 4
2372461 3
2831647 3
2536079 3
3026933 1
3612791 3
2710981 4
3235687 3
3861949 3
4609423 4
584647 8
653429 4
790993 4
997339 4
1066121 4
1272467 4
730303 3
884051 3
1114673 3
1191547 3
1422169 3
1070167 3
1349341 3
1442399 3
1721573 3
1701343 3
1818677 3
2170679 3
1944103 3
2320381 3
2769487 3
816221 4
988057 3
1245811 3
1331729 3
1589483 3
1196069 3
1508087 1
1612093 1
1924111 1
1901501 3
2032639 1
2426053 1
2172821 3
2593367 1
3095309 3
1447873 4
1825579 3
1951481 3
2329187 3
2301817 3
2460563 1
2936801 1
2630257 3
3139339 1
3746953 3
2902291 4
3102449 3
3702923 3
3316411 3
3958297 1
4724419 3
3545129 4
4231283 3
5050241 3
6027707 4
912247 8
1104299 4
1392377 4
1488403 4
1776481 4
1336783 3
1685509 3
1801751 3
2150477 3
2125207 3
2271773 3
2711471 3
2428447 3
2898469 3
3459463 3
1618211 4
2040353 3
2181067 3
2603209 3
2572619 3
2750041 1
3282307 1
2939699 3
3508673 1
4187771 3
3243737 4
3467443 3
4138561 3
3706577 3
4423979 1
5280233 3
3962203 4
4729081 3
5644387 3
6736849 4
1958887 8
2469901 4
2640239 4
3151253 4
3114223 3
3328997 3
3973319 3
3558583 3
4247341 3
5069407 3
3926629 4
4197431 3
5009837 3
4486909 3
5355343 1
6391861 3
4796351 4
5724677 3
6832679 3
8155133 4
4950967 8
5292413 4
6316751 4
5657407 3
6752389 3
8059303 3
6047573 4
7218071 3
8615117 3
10282559 4
6464647 8
7715869 4
9209263 3
10991701 4
13119127 8
161051 -1
190333 8
248897 8
278179 8
336743 8
424589 8
453871 8
541717 8
224939 7
294151 4
328757 4
397969 4
501787 4
536393 4
640211 4
384659 7
429913 4
520421 4
656183 4
701437 4
837199 4
480491 7
581647 4
733381 4
783959 4
935693 4
704099 7
887777 4
949003 4
1132681 4
1119371 7
1196569 4
1428163 4
1279091 7
1526657 4
1822139 7
265837 7
347633 3
388531 3
470327 3
593021 3
633919 3
756613 3
454597 3
508079 3
615043 3
775489 3
828971 3
989417 3
567853 3
687401 3
866723 3
926497 3
1105819 3
832117 3
1049191 3
1121549 3
1338623 3
1322893 3
1414127 3
1687829 3
1511653 3
1804231 3
2153437 3
594473 7
664411 3
804287 3
1014101 3
1084039 3
1293853 3
742577 3
898909 3
1133407 3
1211573 3
1446071 3
1088153 3
1372019 3
1466641 3
1750507 3
1729937 3
1849243 3
2207161 3
1976777 3
2359379 3
2816033 3
829939 7
1004663 3
1266749 3
1354111 3
1616197 3
1216171 3
1533433 3
1639187 3
1956449 3
1933459 3
2066801 3
2466827 3
2209339 3
2636953 3
3147331 3
1472207 7
1856261 3
1984279 3
2368333 3
2340503 3
2501917 3
2986159 3
2674463 3
3192101 3
3809927 3
2951069 7
3154591 3
3765157 3
3372149 3
4024823 3
4803821 3
3604711 7
4302397 3
5135119 3
6129013 7
314171 8
410839 4
459173 4
555841 4
700843 4
749177 4
894179 4
537251 3
600457 3
726869 3
916487 3
979693 3
1169311 3
671099 3
812383 3
1024309 3
1094951 3
1306877 3
983411 3
1239953 3
1325467 3
1582009 3
1563419 3
1671241 3
1994707 3
1786499 3
2132273 3
2544971 3
702559 4
785213 3
950521 3
1198483 3
1281137 3
1529099 3
877591 3
1062347 5
1339481 1
1431859 1
1708993 1
1285999 3
1621477 1
1733303 1
2068781 1
2044471 3
2185469 1
2608463 1
2336191 3
2788357 1
3328039 3
980837 4
1187329 3
1497067 3
1600313 3
1910051 3
1437293 3
1812239 1
1937221 1
2312167 1
2284997 3
2442583 1
2915341 1
2611037 3
3116399 1
3719573 3
1739881 4
2193763 3
2345057 3
2798939 3
2766049 3
2956811 1
3529097 1
3160729 3
3772483 1
4502641 3
3487627 4
3728153 3
4449731 3
3985267 3
4756609 1
5677243 3
4260113 4
5084651 3
6068777 3
7243379 4
918731 8
1026817 4
1242989 4
1567247 4
1675333 4
1999591 4
1147619 3
1389223 3
1751629 3
1872431 3
2234837 3
1681691 3
2120393 3
2266627 3
2705329 3
2673539 3
2857921 3
3411067 3
3055019 3
3646313 3
4352051 3
1282633 4
1552661 3
1957703 3
2092717 3
2497759 3
1879537 3
2369851 1
2533289 1
3023603 1
2988073 3
3194147 1
3812369 1
3414433 3
4075291 1
4864057 3
2275229 4
2868767 3
3066613 3
3660151 3
3617141 3
3866599 1
4614973 1
4133261 3
4933247 1
5888069 3
4560743 4
4875277 3
5818879 3
5211503 3
6220181 1
7424087 3
5570917 4
6649159 3
7936093 3
9472111 4
1433531 8
1735327 4
2188021 4
2338919 4
2791613 4
2100659 3
2648657 3
2831323 3
3379321 3
3339611 3
3569929 3
4260883 3
3816131 3
4554737 3
5436299 3
2542903 4
3206269 3
3427391 3
4090757 3
4042687 3
4321493 1
5157911 1
4619527 3
5513629 1
6580783 3
5097301 4
5448839 3
6503453 3
5824621 3
6951967 1
8297509 3
6226319 4
7431413 3
8869751 3
10586477 4
3078251 8
3881273 4
4148947 4
4951969 4
4893779 3
5231281 3
6243787 3
5592059 3
6674393 3
7966211 3
6170417 4
6595963 3
7872601 3
7050857 3
8415539 1
10044353 3
7537123 4
8995921 3
10737067 3
12815209 4
7780091 8
8316649 4
9926323 4
8890211 3
10610897 3
12664619 3
9503329 4
11342683 3
13538041 3
16158307 4
10158731 8
12124937 4
14471699 3
17272673 4
20615771 8
371293 -1
485537 8
542659 8
656903 8
828269 8
885391 8
1056757 8
634933 7
709631 4
859027 4
1083121 4
1157819 4
1381913 4
793117 7
960089 4
1210547 4
1294033 4
1544491 4
1162213 7
1465399 4
1566461 4
1869647 4
1847677 7
1975103 4
2357381 4
2111317 7
2519959 4
3007693 7
830297 7
927979 3
1123343 3
1416389 3
1514071 3
1807117 3
1037153 3
1255501 3
1583023 3
1692197 3
2019719 3
1519817 3
1916291 3
2048449 3
2444923 3
2416193 3
2582827 3
3082729 3
2760953 3
3295331 3
3933137 3
1159171 7
1403207 3
1769261 3
1891279 3
2257333 3
1698619 3
2141737 3
2289443 3
2732561 3
2700451 3
2886689 3
3445403 3
3085771 3
3683017 3
4395859 3
2056223 7
2592629 3
2771431 3
3307837 3
3268967 3
3494413 3
4170751 3
3735407 3
4458389 3
5321303 3
4121741 7
4405999 3
5258773 3
4709861 3
5621447 3
6709469 3
5034679 7
6009133 3
7172191 3
8560357 7
1085773 8
1213511 4
1468987 4
1852201 4
1979939 4
2363153 4
1356277 3
1641809 3
2070107 3
2212873 3
2641171 3
1987453 3
2505919 3
2678741 3
3197207 3
3159637 3
3377543 3
4031261 3
3610477 3
4309279 3
5143333 3
1515839 4
1834963 3
2313649 3
2473211 3
2951897 3
2221271 3
2800733 5
2993887 1
3573349 1
3531359 3
3774901 1
4505527 1
4035239 3
4816253 1
5748431 3
2688907 4
3390361 3
3624179 3
4325633 3
4274803 3
4569617 1
5454059 1
4884763 3
5830201 1
6958627 3
5389969 4
5761691 3
6876857 3
6159049 3
7351123 1
8773921 3
6583811 4
7858097 3
9379019 3
11194313 4
1694173 8
2050841 4
2585843 4
2764177 4
3299179 4
2482597 3
3130231 3
3346109 3
3993743 3
3946813 3
4219007 3
5035589 3
4509973 3
5382871 3
6424717 3
3005249 4
3789227 3
4050553 3
4834531 3
4777721 3
5107219 1
6095713 1
5459441 3
6516107 1
7777289 3
6024083 4
6439537 3
7685899 3
6883643 3
8215961 1
9806147 3
7358377 4
8782579 3
10482433 3
12511291 4
3637933 8
4586959 4
4903301 4
5852327 4
5783557 3
6182423 3
7379021 3
6608797 3
7887919 3
9414613 3
7292311 4
7795229 3
9303983 3
8332831 3
9945637 1
11870599 3
8907509 4
10631543 3
12689261 3
15145247 4
9194653 8
9828767 4
11731109 4
10506613 3
12540151 3
14967277 3
11231207 4
13404989 3
15999503 3
19096181 4
12005773 8
14329471 4
17102917 3
20413159 4
24364093 8
1419857 -1
1586899 8
1920983 8
2422109 8
2589151 8
3090277 8
1773593 7
2146981 4
2707063 4
2893757 4
3453839 4
2598977 7
3276971 4
3502969 4
4180963 4
4131833 7
4416787 4
5271649 4
4721393 7
5635211 4
6725897 7
1982251 7
2399567 3
3025541 3
3234199 3
3860173 3
2904739 3
3662497 3
3915083 3
4672841 3
4617931 3
4936409 3
5891843 3
5276851 3
6298177 3
7517179 3
3516263 7
4433549 3
4739311 3
5656597 3
5590127 3
5975653 3
7132231 3
6387767 3
7624109 3
9099743 3
7048421 7
7534519 3
8992813 3
8054141 3
9613007 3
11473589 3
8609599 7
10275973 3
12264871 3
14638717 7
2215457 8
2681869 4
3381487 4
3614693 4
4314311 4
3246473 3
4093379 3
4375681 3
5222587 3
5161217 3
5517163 3
6585001 3
5897657 3
7039139 3
8401553 3
3929941 4
4955143 3
5296877 3
6322079 3
6247789 3
6678671 5
7971317 1
7139269 3
8521063 1
10170301 3
7877647 4
8420933 3
10050791 3
9001687 3
10743949 1
12823423 3
9622493 4
11484911 3
13707797 3
16360919 4
4757297 8
5998331 4
6412009 4
7653043 4
7563113 3
8084707 3
9649489 3
8642273 3
10314971 3
12311417 3
9536099 4
10193761 3
12166747 3
10896779 3
13005833 1
15523091 3
11648281 4
13902787 3
16593649 3
19805323 4
12023777 8
12853003 4
15340681 4
13739417 3
16398659 3
19572593 3
14686963 4
17529601 3
20922427 3
24971929 4
15699857 8
18738539 4
22365353 3
26694131 4
31860737 8
2476099 -1
2997383 8
3779309 8
4039951 8
4821877 8
3628411 7
4574953 4
4890467 4
5837009 4
5768419 7
6166241 4
7359707 4
6591499 7
7867273 4
9389971 7
4392287 7
5538101 3
5920039 3
7065853 3
6982823 3
7464397 3
8909119 3
7979183 3
9523541 3
11366807 3
8804429 7
9411631 3
11233237 3
10060709 3
12007943 3
14332061 3
10754551 7
12836077 3
15320479 3
18285733 7
5316979 8
6704017 4
7166363 4
8553401 4
8452891 3
9035849 3
10784723 3
9659011 3
11528497 3
13759819 3
10657993 4
11393027 3
13598129 3
12178753 3
14535931 5
17349337 3
13018667 4
15538409 3
18545843 3
22135361 4
13438339 8
14365121 4
17145467 4
15355819 3
18327913 3
21875251 3
16414841 4
19591907 3
23383889 3
27909803 4
17546899 8
20943073 4
24996571 3
29834617 4
35609059 8
6436343 -1
8115389 8
8675071 8
10354117 8
10232447 7
10938133 4
13055191 4
11692487 7
13955549 4
16656623 7
12901781 7
13791559 3
16460893 3
14742701 3
17596127 3
21001829 3
15759439 7
18809653 3
22450231 3
26795437 7
16267463 8
17389357 4
20755039 4
18588623 3
22186421 3
26480567 3
19870597 4
23716519 3
28306813 3
33785551 4
21240983 8
25352141 4
30259007 3
36115589 4
43105703 8
20511149 -1
21925711 8
26169397 8
23437829 7
27974183 4
33388541 7
25054231 7
29903437 3
35691199 3
42599173 7
26782109 8
31965743 4
38152661 3
45537047 4
54350669 8
28629151 -1
34170277 8
40783879 7
48677533 7
58098991 8
69343957 -1
